4535900576881855|01|2024|527
4535908421840851|01|2025|581
4535906718165701|01|2026|366
4535907145740488|01|2024|671
4535906182461206|01|2023|432
4535908003144417|01|2023|037
4535907733556221|01|2024|324
4535903125241548|01|2026|821
4535904684087314|01|2026|731
4535901723560608|01|2024|468
4535905886063136|01|2024|233
4535903871460524|01|2024|162
4535906735811618|01|2024|081
4535901108608204|01|2023|201
4535907314860406|01|2025|451
4535908128463601|01|2023|625
4535901488232641|01|2025|572
4535901175857858|01|2023|343
4535901834351582|01|2023|842
4535903737743733|01|2023|620
4535905758812214|01|2024|467
4535906515646820|01|2024|400
4535902606143132|01|2023|734
4535905566514150|01|2025|078
4535902111075167|01|2024|022
4535903170443627|01|2025|502
4535903517138765|01|2025|011
4535900656876213|01|2023|515
4535901282527634|01|2023|313
4535903670264606|01|2025|031
4535902646372824|01|2026|440
4535903263576838|01|2026|747
4535905715872632|01|2025|521
4535902661857006|01|2025|607
4535903881454855|01|2026|054
4535900782146275|01|2024|000
4535906282737810|01|2026|761
4535907414570210|01|2025|745
4535906872208040|01|2025|507
4535905466357163|01|2023|076
4535907650411723|01|2025|710
4535908240434340|01|2023|437
4535904677346305|01|2025|645
4535901665813858|01|2025|422
4535908104436522|01|2023|777
4535901247277176|01|2023|278
4535901234381601|01|2023|588
4535908423646330|01|2024|545
4535902020176148|01|2026|015
4535907570632085|01|2024|255
4535901851225826|01|2025|164
4535903021866414|01|2025|564
4535905657584245|01|2025|805
4535904240414655|01|2024|522
4535906544538170|01|2026|628
4535906655407157|01|2024|138
4535906534175082|01|2024|506
4535900207525558|01|2026|373
4535902222670708|01|2024|633
4535908214257537|01|2023|806
4535903418251105|01|2025|147
4535901614455264|01|2026|184
4535904705264405|01|2023|130
4535902675133717|01|2023|635
4535902707472711|01|2025|032
4535905587753225|01|2025|172
4535903361121271|01|2024|067
4535904067821800|01|2025|446
4535903501270707|01|2024|057
4535907040007710|01|2023|648
4535903121283130|01|2025|527
4535907261100137|01|2023|207
4535906128737867|01|2024|056
4535903788280205|01|2024|407
4535906204037208|01|2025|366
4535906758374460|01|2025|308
4535904028015153|01|2024|246
4535904744615641|01|2023|870
4535902012221878|01|2025|612
4535902744702740|01|2023|301
4535908388484107|01|2024|657
4535906132715180|01|2026|040
4535902111130111|01|2023|554
4535906682434471|01|2025|362
4535905506111133|01|2026|085
4535905802547337|01|2023|422
4535904508552352|01|2026|138
4535903507581313|01|2023|266
4535907411546346|01|2025|363
4535904461711383|01|2024|236
4535905861310627|01|2024|136
4535908146531165|01|2026|414
4535903020501517|01|2023|340
4535903158134180|01|2023|022
4535901821626574|01|2024|784
4535902874486288|01|2023|777
4535902600416765|01|2025|486
4535905066101516|01|2024|177
4535902716583250|01|2026|265
4535900851706421|01|2024|776
